58877 0 0 0
233140 0 0 0
25180 0 0 0
22223 0 0 0
59081 0 0 0
19045 0 0 0
116266 0 0 0
34678 0 0 0
24958 0 0 0
45024 0 0 0
12619 0 0 0
22995 0 0 0
14193 0 0 0
15035 0 0 0
53565 0 0 0
57236 0 0 0
11552 0 0 0
37469 0 0 0
13157 0 0 0
88044 0 0 0
49214 0 0 0
38190 0 0 0
71630 0 0 0
88116 0 0 0
36665 0 0 0
103393 0 0 0
16307 0 0 0
32063 0 0 0
26675 0 0 0
14792 0 0 0
17167 0 0 0
107190 0 0 0
52519 0 0 0
673341 0 0 0
13943 0 0 0
93610 0 0 0
33063 0 0 0
174601 0 0 0
104322 0 0 0
19476 0 0 0
389696 0 0 0
19264 0 0 0
29287 0 0 0
97608 0 0 0
414250 0 0 0
19723 0 0 0
228448 0 0 0
123336 0 0 0
19062 0 0 0
32981 0 0 0
21971 0 0 0
59226 0 0 0
91333 0 0 0
223708 0 0 0
12295 0 0 0
82069 0 0 0
41229 0 0 0
227153 0 0 0
65100 0 0 0
15296 0 0 0
23491 0 0 0
65897 0 0 0
125398 0 0 0
145116 0 0 0
53306 0 0 0
38614 0 0 0
16580 0 0 0
4438319 23 0 0
214070 0 0 0
106802 0 0 0
1045599 0 0 0
429556 27 0 0
47653 0 0 0
237067 0 0 0
204437 0 0 0
17105 0 0 0
18960 0 0 0
41655 0 0 0
286353 0 0 0
37352 0 0 0
28202 0 0 0
21362 0 0 0
14508 0 0 0
24665 0 0 0
22741 0 0 0
20729 0 0 0
111576 0 0 0
60107 0 0 0
48067 0 0 0
16762 0 0 0
11330 0 0 0
17309 0 0 0
123666 0 0 0
17122 0 0 0
12033 0 0 0
100162 0 0 0
17975 0 0 0
45818 0 0 0
19993 0 0 0
33034 0 0 0
12755 0 0 0
37892 0 0 0
13576 0 0 0
16737 0 0 0
66811 0 0 0
25692 0 0 0
16196 0 0 0
12879 0 0 0
11971 0 0 0
21097 0 0 0
74042 0 0 0
16551 0 0 0
16862 0 0 0
42570 0 0 0
40503 0 0 0
22592 0 0 0
16445 0 0 0
22893 0 0 0
19182 0 0 0
63346 0 0 0
399073 0 0 0
18581 0 0 0
23046 0 0 0
123681 0 0 0
127739 0 0 0
15778 0 0 0
17282 0 0 0
12364 0 0 0
38925 0 0 0
15765 0 0 0
246662 0 0 0
76810 0 0 0
20216 0 0 0
1679809 35 0 0
40541 0 0 0
210083 0 0 0
45327 0 0 0
21853 0 0 0
1165466 96 0 0
27709 0 0 0
191114 0 0 0
1008958 8 0 0
28893 0 0 0
136333 18 0 0
179489 0 0 0
19023 0 0 0
909997 0 0 0
152627 0 0 0
68174 0 0 0
32719 0 0 0
9989102 63 0 0
156610 10 0 0
261776 0 0 0
17124 0 0 0
91354 0 0 0
281726 0 0 0
13206 0 0 0
438500 0 0 0
137608 0 0 0
102199 0 0 0
3184042 59 0 0
405701 40 0 0
19769 0 0 0
2422724 40 0 0
1586202 39 0 0
64507 0 0 0
2182740 0 0 0
3297199 53 0 0
869876 138 0 0
780517 0 0 0
282231 0 0 0
762362 91 0 0
448096 0 0 0
1930271 327 0 0
270342 11 0 0
181888 5 0 0
43962 0 0 0
453250 24 0 0
488316 29 0 0
552710 0 0 0
99480 0 0 0
65615 0 0 0
16088 0 0 0
473736 0 0 0
55516 0 0 0
842916 5 0 0
216242 13 0 0
81932 0 0 0
520163 0 0 0
16362 0 0 0
655101 11 0 0
13424 0 0 0
330811 0 0 0
74513 0 0 0
19571 0 0 0
31232 0 0 0
717593 37 0 0
360070 32 0 0
55652 13 0 0
26206 0 0 0
731837 10 0 0
48981 0 0 0
61776 0 0 0
15733 0 0 0
16940 5 0 0
582925 3 0 0
55642 0 0 0
359681 5 0 0
14564 0 0 0
21495 0 0 0
155939 0 0 0
13267 0 0 0
25858 0 0 0
42798 0 0 0
29065 0 0 0
18667 0 0 0
17421 0 0 0
17342 0 0 0
11986 0 0 0
168467 0 0 0
11538 0 0 0
24839 0 0 0
30971 0 0 0
24726 0 0 0
331358 0 0 0
955890 5 0 0
897932 0 0 0
184874 0 0 0
163923 0 0 0
863498 0 0 0
268248 0 0 0
149650 0 0 0
116240 0 0 0
182256 0 0 0
570718 0 0 0
238912 0 0 0
690066 27 0 0
278681 3 0 0
28309 0 0 0
174461 0 0 0
28364 0 0 0
608007 0 0 0
1941505 11 0 0
13615 0 0 0
187955 5 0 0
154403 0 0 0
218797 0 0 0
377071 8 0 0
69889 0 0 0
34080 0 0 0
16805 0 0 0
996373 0 0 0
322424 0 0 0
115968 0 0 0
12456 0 0 0
43701 0 0 0
17928 0 0 0
12179 0 0 0
14181 0 0 0
13988 0 0 0
25313 0 0 0
39707 0 0 0
195508 0 0 0
101222 0 0 0
1463362 18 0 0
19622 0 0 0
160345 0 0 0
47214 0 0 0
14560 0 0 0
385875 0 0 0
764653 26 0 0
292378 0 0 0
43051 0 0 0
17976 0 0 0
401430 13 0 0
377370 0 0 0
158529 0 0 0
2692459 0 0 0
82809 0 0 0
90990 3 0 0
211801 8 0 0
39641 0 0 0
1429899 0 0 0
390855 0 0 0
1492466 0 0 0
565742 3 0 0
958747 5 0 0
729233 0 0 0
73347 0 0 0
276916 0 0 0
331275 0 0 0
189106 27 0 0
435664 0 0 0
471058 0 0 0
130897 0 0 0
43510 0 0 0
21760 0 0 0
16126 0 0 0
554888 13 0 0
33907 0 0 0
75855 0 0 0
25357 0 0 0
18428 0 0 0
11123 0 0 0
43773 0 0 0
18069 0 0 0
83963 0 0 0
109311 0 0 0
17153 0 0 0
18159 0 0 0
157104 0 0 0
12577 0 0 0
18040 0 0 0
16232 0 0 0
44999 0 0 0
81378 0 0 0
24621 0 0 0
25542 0 0 0
54911 0 0 0
11001 0 0 0
119463 0 0 0
67976 0 0 0
12530 0 0 0
294904 0 0 0
24921 0 0 0
268038 5 0 0
128489 0 0 0
297417 0 0 0
766177 32 0 0
43047 0 0 0
45866 0 0 0
156773 0 0 0
17232 0 0 0
146653 0 0 0
12100 0 0 0
20042 0 0 0
16224 0 0 0
27047 0 0 0
29338 0 0 0
763820 11 0 0
19849 0 0 0
11142 0 0 0
85366 0 0 0
144497 0 0 0
65150 0 0 0
19627 0 0 0
22730 0 0 0
25396 0 0 0
119436 5 0 0
98588 5 0 0
252786 0 0 0
23429 0 0 0
1068986 37 0 0
31429 0 0 0
84470 0 0 0
57696 0 0 0
26221 0 0 0
19025 0 0 0
957790 11 0 0
46105 0 0 0
203589 0 0 0
29985 0 0 0
34927 0 0 0
25866 0 0 0
11465 0 0 0
241818 0 0 0
164242 0 0 0
76712 0 0 0
14638 0 0 0
14777 0 0 0
15658 0 0 0
28356 0 0 0
18550 0 0 0
49497 0 0 0
33179 0 0 0
65220 0 0 0
16287 0 0 0
118316 0 0 0
33596 0 0 0
21587 0 0 0
12021 0 0 0
30263 0 0 0
20619 0 0 0
21677 0 0 0
28046 0 0 0
20174 0 0 0
39938 0 0 0
206960 0 0 0
112780 0 0 0
42021 0 0 0
14865 0 0 0
169660 0 0 0
28035 0 0 0
33333 0 0 0
19722 0 0 0
18935 0 0 0
42912 13 0 0
22140 0 0 0
16894 0 0 0
206328 0 0 0
93614 0 0 0
14060 0 0 0
67413 0 0 0
26800 0 0 0
29553 0 0 0
22852 0 0 0
12461 0 0 0
45766 0 0 0
41348 0 0 0
27052 0 0 0
12539 0 0 0
69388 0 0 0
24766 0 0 0
27712 0 0 0
67711 0 0 0
97135 0 0 0
36218 0 0 0
19927 0 0 0
30155 0 0 0
28090 0 0 0
102727 0 0 0
20719 0 0 0
497984 0 0 0
87177 0 0 0
48068 0 0 0
24327 0 0 0
47390 0 0 0
124626 0 0 0
12113 0 0 0
232714 0 0 0
24699 0 0 0
28668 0 0 0
14269 0 0 0
13404 0 0 0
19258 0 0 0
15643 0 0 0
16561 0 0 0
31055 0 0 0
24222 0 0 0
172646 0 0 0
39611 0 0 0
52876 0 0 0
21674 0 0 0
42088 0 0 0
11978 0 0 0
25589 0 0 0
13189 0 0 0
11731 0 0 0
90279 0 0 0
11838 0 0 0
65530 0 0 0
16663 0 0 0
53326 0 0 0
33118 0 0 0
15664 0 0 0
12956 0 0 0
205469 0 0 0
33900 0 0 0
15407 0 0 0
13267 0 0 0
36896 0 0 0
46737 0 0 0
5262675 66 0 0
18639 0 0 0
100233 0 0 0
15441 0 0 0
19742 0 0 0
931153 0 0 0
16755 0 0 0
34614 0 0 0
21460 0 0 0
13533 0 0 0
37636 0 0 0
33440 0 0 0
11915 0 0 0
52514 0 0 0
17552 0 0 0
49138 0 0 0
26984 0 0 0
52896 0 0 0
37029 0 0 0
21444 0 0 0
22035 0 0 0
13307 0 0 0
516150 5 0 0
107236 0 0 0
132291 0 0 0
49736 0 0 0
713217 0 0 0
109359 0 0 0
15234 0 0 0
34021 0 0 0
35752 0 0 0
27879 0 0 0
27079 0 0 0
309765 5 0 0
170870 0 0 0
103647 0 0 0
44810 0 0 0
265498 0 0 0
37613 0 0 0
11691 0 0 0
13026 0 0 0
14125 0 0 0
12265 0 0 0
15633 0 0 0
34898 0 0 0
28157 0 0 0
32798 0 0 0
14486 0 0 0
51678 0 0 0
181225 0 0 0
20880 0 0 0
16654 0 0 0
14633 0 0 0
30055 0 0 0
15803 0 0 0
144267 0 0 0
256789 0 0 0
23634 0 0 0
196012 0 0 0
20900 0 0 0
44457 0 0 0
131018 0 0 0
17179 0 0 0
73883 0 0 0
11316 0 0 0
16777 0 0 0
13711 0 0 0
16121 0 0 0
13808 0 0 0
55509 0 0 0
695903 0 0 0
67094 0 0 0
284858 0 0 0
38395 0 0 0
35821 5 0 0
385892 0 0 0
82157 0 0 0
12098 0 0 0
71164 5 0 0
15470 0 0 0
20307 0 0 0
37771 0 0 0
121282 0 0 0
26432 0 0 0
33151 0 0 0
33391 0 0 0
50726 0 0 0
26477 0 0 0
43274 0 0 0
111669 0 0 0
43604 0 0 0
206842 0 0 0
23333 0 0 0
80437 0 0 0
16470 0 0 0
22767 0 0 0
20434 0 0 0
33021 0 0 0
66446 0 0 0
30790 0 0 0
348868 0 0 0
80156 0 0 0
39652 0 0 0
175515 13 0 0
48885 0 0 0
83619 0 0 0
36599 0 0 0
46373 0 0 0
32906 0 0 0
20456 0 0 0
33075 0 0 0
27564 0 0 0
162180 0 0 0
36244 0 0 0
80050 0 0 0
40515 0 0 0
498597 0 0 0
112222 0 0 0
45022 0 0 0
130065 0 0 0
976757 13 0 0
46018 0 0 0
35924 0 0 0
139517 0 0 0
37932 0 0 0
71802 0 0 0
13796 0 0 0
47374 5 0 0
19839 0 0 0
21298 0 0 0
16154 0 0 0
19150 0 0 0
12233 0 0 0
173256 0 0 0
25161 0 0 0
12488 0 0 0
36666 0 0 0
24375 0 0 0
28980 0 0 0
16744 0 0 0
272549 0 0 0
24336 0 0 0
45026 0 0 0
19820 0 0 0
23356 0 0 0
34440 0 0 0
20803 0 0 0
186247 0 0 0
15365 0 0 0
180158 0 0 0
15388 0 0 0
106007 0 0 0
30888 0 0 0
63966 0 0 0
28220 0 0 0
66455 0 0 0
28179 0 0 0
24636 0 0 0
34316 0 0 0
14067 0 0 0
12282 0 0 0
25536 0 0 0
130980 0 0 0
26691 0 0 0
24974 0 0 0
20586 0 0 0
20776 0 0 0
14311 0 0 0
20702 0 0 0
13104 0 0 0
18495 0 0 0
42965 0 0 0
11632 0 0 0
11970 0 0 0
16333 0 0 0
16996 0 0 0
46418 0 0 0
16453 0 0 0
100486 0 0 0
17458 0 0 0
38831 0 0 0
17747 0 0 0
99229 0 0 0
19399 0 0 0
15552 0 0 0
12312 0 0 0
15020 0 0 0
16821 0 0 0
14546 0 0 0
20412 0 0 0
16679 0 0 0
19437 0 0 0
37802 0 0 0
15659 0 0 0
152931 53 0 0
20647 0 0 0
14786 0 0 0
33512 0 0 0
230263 0 0 0
11917 0 0 0
16626 0 0 0
22148 0 0 0
33377 0 0 0
40059 0 0 0
14405 0 0 0
43113 0 0 0
14154 0 0 0
15180 0 0 0
25681 0 0 0
492769 0 0 0
93555 5 0 0
18643 0 0 0
174488 0 0 0
11699 0 0 0
35869 0 0 0
98615 0 0 0
17072 0 0 0
12097 0 0 0
35341 0 0 0
52548 0 0 0
22511 0 0 0
36954 0 0 0
20031 0 0 0
105829 0 0 0
12914 0 0 0
12537 0 0 0
16305 0 0 0
25419 0 0 0
14333 0 0 0
67401 0 0 0
19275 0 0 0
34498 0 0 0
38930 0 0 0
18353 0 0 0
118814 0 0 0
28931 0 0 0
38297 0 0 0
34206 0 0 0
26028 0 0 0
36747 0 0 0
33942 0 0 0
13230 0 0 0
18300 0 0 0
610528 8 0 0
20119 0 0 0
81870 0 0 0
32100 0 0 0
30160 0 0 0
11754 0 0 0
34183 0 0 0
31360 0 0 0
15909 0 0 0
15724 0 0 0
25392 0 0 0
61808 0 0 0
71996 0 0 0
54232 0 0 0
524246 0 0 0
21832 0 0 0
178608 0 0 0
22332 0 0 0
168873 0 0 0
18870 0 0 0
20595 0 0 0
23869 0 0 0
44445 0 0 0
12708 0 0 0
23942 0 0 0
136403 0 0 0
20285 0 0 0
48175 0 0 0
30701 0 0 0
13679 0 0 0
20432 0 0 0
82293 0 0 0
12318 0 0 0
12632 0 0 0
37147 0 0 0
93086 0 0 0
26575 0 0 0
15886 0 0 0
72696 0 0 0
36999 0 0 0
20294 0 0 0
103291 0 0 0
12132 0 0 0
14134 0 0 0
322403 0 0 0
15091 0 0 0
35756 0 0 0
51569 0 0 0
16935 0 0 0
25008 0 0 0
36512 0 0 0
26410 0 0 0
11112 0 0 0
35852 0 0 0
110719 0 0 0
26689 0 0 0
18692 13 0 0
19271 0 0 0
44645 0 0 0
15666 0 0 0
45367 0 0 0
12951 0 0 0
782118 5 0 0
52972 0 0 0
22634 0 0 0
169183 0 0 0
14160 0 0 0
30135 0 0 0
14870 0 0 0
62662 0 0 0
16288 0 0 0
21428 0 0 0
13061 0 0 0
24238 0 0 0
27497 0 0 0
67836 0 0 0
16851 0 0 0
92920 0 0 0
11594 0 0 0
19580 0 0 0
31665 0 0 0
11228 0 0 0
17085 0 0 0
29981 0 0 0
22616 0 0 0
11301 0 0 0
28091 0 0 0
13719 0 0 0
30875 0 0 0
46756 0 0 0
23726 0 0 0
67642 0 0 0
11294 0 0 0
14640 0 0 0
28378 0 0 0
58408 0 0 0
13085 0 0 0
65016 0 0 0
16053 0 0 0
24732 0 0 0
17975 0 0 0
57477 0 0 0
48179 0 0 0
19620 0 0 0
19564 0 0 0
26020 0 0 0
12280 0 0 0
14068 0 0 0
13646 0 0 0
134933 0 0 0
12024 0 0 0
19528 0 0 0
12989 0 0 0
36687 0 0 0
26892 0 0 0
57455 0 0 0
22697 0 0 0
126984 0 0 0
20968 0 0 0
39616 0 0 0
36573 0 0 0
12899 0 0 0
128615 0 0 0
237056 0 0 0
216416 0 0 0
14109 0 0 0
18589 0 0 0
26854 0 0 0
455884 0 0 0
19451 0 0 0
32307 0 0 0
19721 0 0 0
22129 0 0 0
69725 0 0 0
30095 0 0 0
14989 0 0 0
439840 5 0 0
32166 0 0 0
242004 0 0 0
97495 0 0 0
14812 0 0 0
48259 0 0 0
142726 0 0 0
25430 0 0 0
37349 0 0 0
383274 8 0 0
160003 0 0 0
23466 0 0 0
20689 0 0 0
129607 0 0 0
19997 0 0 0
22118 0 0 0
43838 0 0 0
52481 0 0 0
20127 0 0 0
42394 0 0 0
82273 0 0 0
51604 0 0 0
49140 0 0 0
264933 0 0 0
133549 0 0 0
109319 0 0 0
21124 0 0 0
57289 0 0 0
48582 0 0 0
45370 0 0 0
36864 0 0 0
27236 0 0 0
15256 0 0 0
13721 0 0 0
111039 0 0 0
66994 0 0 0
303312 0 0 0
29418 0 0 0
55460 0 0 0
123754 0 0 0
40609 0 0 0
35192 0 0 0
57849 0 0 0
152007 0 0 0
16768 0 0 0
36688 0 0 0
50404 0 0 0
39635 0 0 0
31062 0 0 0
212089 0 0 0
67947 0 0 0
588769 0 0 0
853073 0 0 0
92857 0 0 0
33290 0 0 0
172890 0 0 0
103740 0 0 0
166682 0 0 0
32508 0 0 0
272737 0 0 0
28761 0 0 0
261114 8 0 0
332722 0 0 0
19142 0 0 0
1061193 50 0 0
965585 16 0 0
49983 0 0 0
113953 0 0 0
24567 0 0 0
37456 0 0 0
154586 0 0 0
103473 0 0 0
52445 0 0 0
583132 0 0 0
228969 0 0 0
128724 34 0 0
579172 0 0 0
20581 0 0 0
809215 3 0 0
70988 0 0 0
464908 0 0 0
162064 0 0 0
1629249 173 0 0
14244 0 0 0
725908 117 0 0
530979 0 0 0
795309 122 0 0
861456 5 0 0
120596 0 0 0
28877 0 0 0
23421 0 0 0
14990 0 0 0
62548 0 0 0
103594 0 0 0
17974 0 0 0
154095 0 0 0
44810 0 0 0
134113 0 0 0
51563 0 0 0
26012 0 0 0
25599 0 0 0
36744 0 0 0
30822 0 0 0
79128 0 0 0
12965 0 0 0
36842 0 0 0
25886 0 0 0
109106 0 0 0
34090 0 0 0
405648 0 0 0
25369 0 0 0
14315 0 0 0
95315 0 0 0
41662 0 0 0
45677 0 0 0
37160 0 0 0
31351 0 0 0
284520 0 0 0
66861 0 0 0
25191 0 0 0
11637 0 0 0
64488 0 0 0
160200 0 0 0
261629 0 0 0
17925 0 0 0
658040 0 0 0
12099 0 0 0
88528 0 0 0
22302 0 0 0
99214 0 0 0
193973 0 0 0
880349 0 0 0
25063 0 0 0
65931 0 0 0
29064 0 0 0
39781 0 0 0
23423 0 0 0
83476 0 0 0
15067 0 0 0
154796 0 0 0
66515 0 0 0
175817 0 0 0
50042 0 0 0
1272405 3 0 0
26688 0 0 0
20740 0 0 0
22887 0 0 0
25102 0 0 0
296787 0 0 0
12979 0 0 0
23432 0 0 0
189831 0 0 0
160265 0 0 0
60902 0 0 0
40506 0 0 0
67983 0 0 0
53274 0 0 0
75556 0 0 0
371656 0 0 0
1790224 1 0 0
33676 0 0 0
15693 0 0 0
364296 3 0 0
35147 0 0 0
46230 0 0 0
41338 0 0 0
69173 0 0 0
25885 0 0 0
36156 0 0 0
107286 0 0 0
30125 0 0 0
12593 0 0 0
56670 0 0 0
65351 0 0 0
11489 0 0 0
66236 0 0 0
440317 0 0 0
20861 0 0 0
39079 0 0 0
13888 0 0 0
21246 0 0 0
30883 0 0 0
47536 0 0 0
1281267 0 0 0
18818 0 0 0
21380 0 0 0
41383 0 0 0
44984 0 0 0
16040 0 0 0
43685 0 0 0
12031 0 0 0
28627 0 0 0
25174 0 0 0
36701 0 0 0
19970 0 0 0
23428 0 0 0
26410 0 0 0
33980 0 0 0
40049 0 0 0
34490 0 0 0
22183 0 0 0
162991 0 0 0
60024 0 0 0
13939 0 0 0
28854 0 0 0
31051 0 0 0
11309 0 0 0
551467 13 0 0
15391 0 0 0
14684 0 0 0
67030 0 0 0
15294 0 0 0
199962 0 0 0
151265 0 0 0
97479 0 0 0
14802 0 0 0
158349 0 0 0
37352 0 0 0
25250 0 0 0
21417 0 0 0
14107 0 0 0
18954 0 0 0
268191 0 0 0
11221 0 0 0
49606 0 0 0
141759 0 0 0
29405 0 0 0
34680 0 0 0
12698 0 0 0
17828 0 0 0
30849 0 0 0
13240 0 0 0
17067 0 0 0
15533 0 0 0
18645 0 0 0
21232 0 0 0
28293 0 0 0
18313 0 0 0
185902 0 0 0
78136 0 0 0
24335 0 0 0
13501 0 0 0
21581 0 0 0
46075 0 0 0
208613 0 0 0
226636 0 0 0
16912 0 0 0
23824 0 0 0
143291 0 0 0
16348 0 0 0
11258 0 0 0
67142 0 0 0
55905 0 0 0
64368 0 0 0
72706 0 0 0
11984 0 0 0
21247 0 0 0
83228 0 0 0
28196 0 0 0
34815 0 0 0
58726 0 0 0
109222 0 0 0
24399 0 0 0
33754 0 0 0
34093 0 0 0
28992 0 0 0
21243 0 0 0
51710 0 0 0
33114 0 0 0
56140 0 0 0
11470 0 0 0
40209 0 0 0
31206 0 0 0
24935 0 0 0
157052 0 0 0
27958 0 0 0
25893 0 0 0
14204 0 0 0
18333 0 0 0
25826 0 0 0
12670 0 0 0
28124 0 0 0
21732 0 0 0
18822 0 0 0
27780 0 0 0
13863 0 0 0
44548 0 0 0
44613 0 0 0
19778 0 0 0
17673 0 0 0
12446 0 0 0
26618 0 0 0
25246 0 0 0
18083 0 0 0
24925 0 0 0
34539 0 0 0
11613 0 0 0
16044 0 0 0
19409 0 0 0
183894 0 0 0
84615 0 0 0
42007 0 0 0
44288 0 0 0
42784 0 0 0
81788 0 0 0
108113 0 0 0
14199 0 0 0
89224 0 0 0
253923 0 0 0
21204 0 0 0
77198 0 0 0
17089 0 0 0
23026 0 0 0
17099 0 0 0
11014 0 0 0
14418 0 0 0
11592 0 0 0
28178 0 0 0
104769 0 0 0
14745 0 0 0
299060 0 0 0
21949 0 0 0
39750 0 0 0
717243 0 0 0
122766 0 0 0
226929 0 0 0
54002 0 0 0
36024 0 0 0
33001 0 0 0
37963 0 0 0
59829 0 0 0
11849 0 0 0
14562 0 0 0
23285 0 0 0
15182 0 0 0
12600 0 0 0
28470 0 0 0
24733 0 0 0
12537 0 0 0
15464 0 0 0
11262 0 0 0
20997 0 0 0
16329 0 0 0
58613 0 0 0
21218 0 0 0
13249 0 0 0
15585 0 0 0
18960 0 0 0
42951 0 0 0
44517 0 0 0
17613 0 0 0
107100 0 0 0
31577 0 0 0
53964 0 0 0
24636 0 0 0
23100 0 0 0
406258 0 0 0
18476 0 0 0
66900 0 0 0
1002830 8 0 0
23319 0 0 0
38009 0 0 0
28652 0 0 0
31175 0 0 0
56020 0 0 0
24413 0 0 0
19642 0 0 0
35707 0 0 0
23499 0 0 0
39168 0 0 0
18180 0 0 0
300528 0 0 0
13051 0 0 0
84328 0 0 0
11859 0 0 0
11457 0 0 0
104773 0 0 0
119502 0 0 0
13747 0 0 0
16250 0 0 0
12133 0 0 0
31259 0 0 0
71093 0 0 0
19731 0 0 0
118238 0 0 0
17193 0 0 0
44351 0 0 0
11501 0 0 0
12451 0 0 0
35168 0 0 0
165045 0 0 0
31147 0 0 0
50129 0 0 0
26593 0 0 0
21502 0 0 0
24039 0 0 0
37102 0 0 0
584981 29 0 0
21663 0 0 0
62730 0 0 0
322910 0 0 0
34551 0 0 0
35473 0 0 0
15892 0 0 0
34280 0 0 0
14249 0 0 0
191114 0 0 0
22361 0 0 0
36002 0 0 0
17605 0 0 0
20904 0 0 0
14084 0 0 0
25539 0 0 0
2273354 32 0 0
49468 0 0 0
53750 0 0 0
17283 0 0 0
59431 0 0 0
51968 0 0 0
487367 21 0 0
58677 0 0 0
63743 0 0 0
50212 0 0 0
76501 0 0 0
31173 0 0 0
91077 46 0 0
422705 0 0 0
153922 0 0 0
314419 11 0 0
131006 0 0 0
43033 0 0 0
274191 0 0 0
954749 25 0 0
461851 11 0 0
523199 5 0 0
95077 0 0 0
153848 0 0 0
862032 0 0 0
302607 0 0 0
722647 8 0 0
128839 0 0 0
386759 0 0 0
861908 0 0 0
643160 3 0 0
509001 0 0 0
638824 0 0 0
523095 5 0 0
64859 0 0 0
345014 0 0 0
144082 0 0 0
574344 5 0 0
109595 0 0 0
676581 0 0 0
65168 0 0 0
27076 0 0 0
12332 0 0 0
48325 0 0 0
219899 0 0 0
62257 0 0 0
28209 0 0 0
74586 0 0 0
20296 0 0 0
19424 0 0 0
25420 0 0 0
72630 0 0 0
67861 0 0 0
40264 0 0 0
19118 0 0 0
149218 0 0 0
121429 0 0 0
27115 0 0 0
154977 0 0 0
11526 0 0 0
16565 0 0 0
34392 0 0 0
15051 0 0 0
76329 0 0 0
314368 0 0 0
46373 0 0 0
1466382 56 0 0
198199 0 0 0
76907 0 0 0
76095 0 0 0
127424 0 0 0
83882 0 0 0
47073 0 0 0
79715 0 0 0
61550 0 0 0
46723 0 0 0
44186 0 0 0
295742 0 0 0
953254 0 0 0
37336 0 0 0
47527 0 0 0
53160 0 0 0
58258 0 0 0
47890 0 0 0
60007 0 0 0
116134 0 0 0
2727207 186 0 0
26538 0 0 0
61699 0 0 0
67890 0 0 0
758554 0 0 0
49433 0 0 0
1393952 26 0 0
1687518 316 0 0
212252 0 0 0
231695 0 0 0
475653 0 0 0
112475 0 0 0
401322 0 0 0
40236 0 0 0
117351 0 0 0
58351 0 0 0
97660 0 0 0
2395717 74 0 0
160923 0 0 0
495485 37 0 0
338084 37 0 0
108311 0 0 0
235667 22 0 0
157861 0 0 0
29720 0 0 0
17857 0 0 0
33715 0 0 0
93363 0 0 0
1524098 1 0 0
78643 0 0 0
48355 0 0 0
105404 0 0 0
181679 8 0 0
65638 0 0 0
61143 0 0 0
91103 0 0 0
1002201 1044 0 0
40401 0 0 0
24709 0 0 0
171842 0 0 0
36430 0 0 0
22030 0 0 0
26569 0 0 0
17798 0 0 0
44618 0 0 0
17851 0 0 0
29599 0 0 0
138084 0 0 0
269621 0 0 0
87546 0 0 0
227065 0 0 0
80512 0 0 0
67656 0 0 0
22694 0 0 0
160747 0 0 0
76598 13 0 0
28833 0 0 0
13666 0 0 0
11118 0 0 0
99725 0 0 0
50505 0 0 0
100552 0 0 0
334370 0 0 0
28385 0 0 0
37001 0 0 0
169131 0 0 0
42806 0 0 0
48675 0 0 0
325602 0 0 0
48697 0 0 0
382733 0 0 0
69060 0 0 0
228269 0 0 0
61041 0 0 0
20444 0 0 0
541347 0 0 0
48495 0 0 0
133761 0 0 0
62131 0 0 0
116493 0 0 0
21451 0 0 0
52223 0 0 0
187630 0 0 0
43134 0 0 0
217612 0 0 0
63387 0 0 0
54995 0 0 0
87190 0 0 0
44536 0 0 0
37049 0 0 0
21209 0 0 0
21949 0 0 0
1118340 0 0 0
14881 0 0 0
25720 0 0 0
100168 0 0 0
95027 0 0 0
226060 0 0 0
17438 0 0 0
204735 0 0 0
148792 0 0 0
12280 0 0 0
40645 0 0 0
60563 0 0 0
12997 0 0 0
39146 0 0 0
170570 0 0 0
19372 0 0 0
144334 0 0 0
42879 0 0 0
116361 0 0 0
91080 0 0 0
147027 0 0 0
64421 0 0 0
59021 0 0 0
34110 0 0 0
62609 0 0 0
44517 0 0 0
71253 0 0 0
14083 0 0 0
33009 0 0 0
239287 0 0 0
42529 0 0 0
1133505 48 0 0
18598 0 0 0
54072 0 0 0
117226 0 0 0
65871 0 0 0
78811 0 0 0
37182 0 0 0
18475 0 0 0
98467 0 0 0
184868 0 0 0
73062 0 0 0
14744 0 0 0
33333 0 0 0
11555 0 0 0
16524 0 0 0
12162 0 0 0
33805 0 0 0
21529 0 0 0
69847 0 0 0
41149 0 0 0
27434 0 0 0
102059 0 0 0
52420 0 0 0
97413 0 0 0
62350 0 0 0
46411 0 0 0
66235 0 0 0
43629 0 0 0
390600 0 0 0
26689 0 0 0
38705 0 0 0
135719 0 0 0
208635 0 0 0
41962 0 0 0
101607 0 0 0
36548 0 0 0
41928 0 0 0
1261680 16 0 0
51882 0 0 0
38227 0 0 0
215062 0 0 0
75429 0 0 0
159357 0 0 0
28939 0 0 0
1324013 0 0 0
42619 0 0 0
29193 0 0 0
95334 0 0 0
168025 0 0 0
38390 0 0 0
829909 0 0 0
74830 0 0 0
30725 0 0 0
14493 0 0 0
27629 0 0 0
43321 0 0 0
27999 0 0 0
44194 0 0 0
58439 0 0 0
32642 0 0 0
65107 0 0 0
62765 0 0 0
232410 0 0 0
58132 0 0 0
178680 0 0 0
46065 0 0 0
313367 0 0 0
430728 0 0 0
43823 0 0 0
227948 0 0 0
65363 0 0 0
182550 0 0 0
22118 0 0 0
42471 0 0 0
108821 0 0 0
13354 0 0 0
536629 0 0 0
13741 0 0 0
34964 0 0 0
86342 0 0 0
14090 0 0 0
40260 0 0 0
18804 0 0 0
35439 0 0 0
58628 0 0 0
27050 0 0 0
161775 0 0 0
40964 0 0 0
34380 0 0 0
124840 0 0 0
76985 0 0 0
58832 0 0 0
73720 0 0 0
54990 0 0 0
48119 0 0 0
374357 0 0 0
539530 0 0 0
201405 0 0 0
93063 0 0 0
63077 0 0 0
28878 0 0 0
12784 0 0 0
243004 0 0 0
59613 0 0 0
116840 0 0 0
37025 0 0 0
132212 0 0 0
21854 0 0 0
19415 0 0 0
14174 0 0 0
22302 0 0 0
46293 0 0 0
26858 0 0 0
155507 0 0 0
48003 0 0 0
47081 0 0 0
14196 0 0 0
296019 0 0 0
121129 0 0 0
14146 0 0 0
71776 0 0 0
28423 0 0 0
40400 0 0 0
62629 0 0 0
25627 0 0 0
54805 0 0 0
11549 0 0 0
13334 0 0 0
24731 0 0 0
43541 0 0 0
15151 0 0 0
48131 0 0 0
33469 0 0 0
49726 0 0 0
41887 0 0 0
30786 0 0 0
18946 0 0 0
15342 0 0 0
39066 0 0 0
13869 0 0 0
66160 0 0 0
11238 0 0 0
797296 0 0 0
36679 0 0 0
45741 0 0 0
30209 0 0 0
15544 0 0 0
81592 0 0 0
43727 0 0 0
38077 0 0 0
72441 0 0 0
95315 0 0 0
23508 0 0 0
39255 0 0 0
42753 0 0 0
21283 0 0 0
670141 16 0 0
81377 0 0 0
52593 0 0 0
20385 0 0 0
16689 0 0 0
95167 0 0 0
422160 0 0 0
41089 0 0 0
52631 0 0 0
64887 0 0 0
24923 0 0 0
23503 0 0 0
199355 0 0 0
111227 8 0 0
23943 0 0 0
223375 19 0 0
24518 0 0 0
88105 0 0 0
69494 10 0 0
382940 0 0 0
50472 0 0 0
128936 0 0 0
31608 0 0 0
346194 8 0 0
12191 0 0 0
815871 0 0 0
87863 0 0 0
27471 0 0 0
80011 0 0 0
26149 0 0 0
26611 0 0 0
600601 88 0 0
107832 0 0 0
103795 0 0 0
1248717 0 0 0
65445 0 0 0
167732 0 0 0
47523 0 0 0
428694 0 0 0
122518 0 0 0
59858 0 0 0
646008 0 0 0
193851 0 0 0
132957 0 0 0
64751 0 0 0
157929 0 0 0
534645 0 0 0
37178 0 0 0
80394 0 0 0
37350 0 0 0
64667 0 0 0
83723 0 0 0
259996 0 0 0
286544 0 0 0
576375 13 0 0
30927 0 0 0
270427 0 0 0
128393 0 0 0
155874 0 0 0
14549 0 0 0
35813 0 0 0
44030 0 0 0
83116 0 0 0
44431 0 0 0
23451 0 0 0
215516 0 0 0
552597 0 0 0
85865 0 0 0
143242 0 0 0
374504 0 0 0
325057 0 0 0
113980 0 0 0
40306 0 0 0
110333 0 0 0
46073 0 0 0
168243 5 0 0
856894 53 0 0
18115 0 0 0
312855 0 0 0
91471 0 0 0
45821 0 0 0
1601000 5 0 0
58591 0 0 0
16356 0 0 0
142777 0 0 0
39717 0 0 0
73917 0 0 0
38354 0 0 0
40969 0 0 0
42625 0 0 0
50275 0 0 0
38480 0 0 0
209157 0 0 0
51088 13 0 0
353998 0 0 0
26001 0 0 0
456389 0 0 0
50750 0 0 0
170323 0 0 0
85388 0 0 0
660015 0 0 0
129753 0 0 0
24212 0 0 0
169032 0 0 0
204032 0 0 0
13251 0 0 0
20567 0 0 0
187691 0 0 0
231568 0 0 0
14125 0 0 0
409405 13 0 0
56179 0 0 0
32276 0 0 0
43258 0 0 0
31093 0 0 0
38543 0 0 0
62833 0 0 0
28284 0 0 0
161975 0 0 0
25675 0 0 0
20858 0 0 0
136805 0 0 0
63440 0 0 0
526980 0 0 0
69380 0 0 0
18512 0 0 0
353498 0 0 0
29073 0 0 0
65470 66 0 0
96652 0 0 0
67551 0 0 0
16458 0 0 0
294891 0 0 0
29043 0 0 0
26537 0 0 0
37715 0 0 0
78638 0 0 0
83958 0 0 0
131602 0 0 0
416527 0 0 0
18830 0 0 0
329356 8 0 0
105417 0 0 0
27148 0 0 0
30902 0 0 0
283899 0 0 0
19143 3 0 0
34339 0 0 0
38210 0 0 0
14998 0 0 0
28309 0 0 0
19930 6 0 0
17704 0 0 0
11010 0 0 0
25812 0 0 0
65613 0 0 0
29853 0 0 0
197508 3 0 0
109475 0 0 0
16832 0 0 0
23238 0 0 0
77209 0 0 0
50302 0 0 0
15812 0 0 0
14930 0 0 0
135566 0 0 0
108741 0 0 0
39277 0 0 0
14547 0 0 0
28415 0 0 0
56315 0 0 0
41087 0 0 0
17347 0 0 0
32038 0 0 0
36022 0 0 0
58102 0 0 0
13884 0 0 0
61272 0 0 0
715478 8 0 0
11402 0 0 0
20171 0 0 0
54432 0 0 0
36646 0 0 0
42139 0 0 0
18522 0 0 0
42781 0 0 0
50375 0 0 0
30295 0 0 0
23525 0 0 0
70220 0 0 0
13531 0 0 0
64435 0 0 0
366991 0 0 0
25410 0 0 0
26800 0 0 0
56669 0 0 0
17795 0 0 0
27818 0 0 0
32115 0 0 0
24942 0 0 0
18974 0 0 0
11617 0 0 0
54870 0 0 0
17966 0 0 0
480126 0 0 0
25100 0 0 0
44189 0 0 0
12602 0 0 0
35309 0 0 0
55097 0 0 0
53315 0 0 0
25839 0 0 0
25243 0 0 0
98777 0 0 0
28834 0 0 0
34441 0 0 0
101700 0 0 0
12785 0 0 0
46384 0 0 0
221160 0 0 0
21020 0 0 0
30716 0 0 0
22588 0 0 0
17569 0 0 0
79982 0 0 0
32903 0 0 0
53513 0 0 0
72860 0 0 0
343128 0 0 0
21842 0 0 0
15863 0 0 0
98497 0 0 0
928636 8 0 0
19939 0 0 0
13683 0 0 0
158089 3 0 0
197272 0 0 0
60961 0 0 0
11661 0 0 0
17867 0 0 0
19820 0 0 0
41023 0 0 0
133080 0 0 0
16202 0 0 0
32864 0 0 0
27424 0 0 0
249400 24 0 0
148564 0 0 0
57881 0 0 0
18612 0 0 0
86345 0 0 0
23916 0 0 0
49089 0 0 0
30109 0 0 0
20987 0 0 0
97983 0 0 0
30990 0 0 0
371981 0 0 0
2014052 0 0 0
11454 0 0 0
18239 0 0 0
92792 0 0 0
373368 0 0 0
234480 0 0 0
38002 0 0 0
17644 0 0 0
49427 0 0 0
45967 0 0 0
20047 0 0 0
13750 0 0 0
421191 0 0 0
12450 0 0 0
28399 0 0 0
47051 0 0 0
50477 0 0 0
1073133 16 0 0
20566 0 0 0
163573 0 0 0
13600 0 0 0
41697 0 0 0
83096 0 0 0
2610952 5 0 0
12439 0 0 0
18503 0 0 0
913900 0 0 0
19809 0 0 0
17754 0 0 0
165467 0 0 0
194272 0 0 0
866093 0 0 0
42715 0 0 0
16961 0 0 0
35732 0 0 0
24452 0 0 0
828571 61 0 0
19445 0 0 0
18366 0 0 0
21701 0 0 0
351458 0 0 0
26732 0 0 0
19653 0 0 0
21179 0 0 0
136014 0 0 0
124175 0 0 0
29414 0 0 0
173541 0 0 0
32439 0 0 0
56277 0 0 0
4732417 74 0 0
68778 0 0 0
243809 0 0 0
82348 0 0 0
872204 0 0 0
35965 0 0 0
21490 0 0 0
61953 0 0 0
36795 0 0 0
22068 0 0 0
34797 0 0 0
100231 0 0 0
20539 0 0 0
15000 0 0 0
32900 0 0 0
255979 0 0 0
38813 0 0 0
180733 0 0 0
19676 0 0 0
14721 0 0 0
146986 0 0 0
44527 0 0 0
52676 0 0 0
30958 0 0 0
50077 0 0 0
12984 0 0 0
21707 0 0 0
20338 0 0 0
17499 0 0 0
15727 0 0 0
92351 0 0 0
22103 0 0 0
11343 0 0 0
21249 0 0 0
311419 0 0 0
261023 0 0 0
13445 0 0 0
36269 0 0 0
57844 0 0 0
50920 0 0 0
170221 0 0 0
24724 0 0 0
19969 0 0 0
624935 3 0 0
21273 0 0 0
11963 0 0 0
64624 0 0 0
52784 0 0 0
12163 0 0 0
14721 0 0 0
353090 0 0 0
84702 0 0 0
28427 0 0 0
22513 0 0 0
149432 0 0 0
15165 0 0 0
50505 0 0 0
118173 0 0 0
12199 0 0 0
141231 0 0 0
11550 0 0 0
14730 0 0 0
16740 0 0 0
109090 0 0 0
52225 0 0 0
27483 0 0 0
68772 0 0 0
16931 0 0 0
23926 0 0 0
234063 0 0 0
65835 0 0 0
2114706 3 0 0
143383 0 0 0
11792 0 0 0
31264 0 0 0
120105 0 0 0
1296100 0 0 0
13623 0 0 0
19797 0 0 0
40975 0 0 0
24540 0 0 0
47582 0 0 0
59690 0 0 0
91236 0 0 0
76543 0 0 0
57349 0 0 0
11656 0 0 0
35837 0 0 0
267234 0 0 0
41550 0 0 0
129546 0 0 0
12846 0 0 0
20129 0 0 0
615266 0 0 0
49994 0 0 0
68866 0 0 0
45010 0 0 0
17839 0 0 0
13884 0 0 0
57908 0 0 0
133527 0 0 0
20465 0 0 0
363482 10 0 0
19581 0 0 0
57640 0 0 0
11824 0 0 0
13015 0 0 0
12392 0 0 0
1186236 0 0 0
14525 0 0 0
28508 0 0 0
21546 0 0 0
42452 0 0 0
73281 0 0 0
35618 0 0 0
663143 0 0 0
35032 0 0 0
181924 0 0 0
262823 5 0 0
37292 0 0 0
37263 8 0 0
30184 0 0 0
168289 0 0 0
49996 0 0 0
25914 0 0 0
29259 0 0 0
27355 0 0 0
60455 0 0 0
59748 0 0 0
45844 0 0 0
57700 0 0 0
33348 0 0 0
112496 0 0 0
15161 0 0 0
13246 0 0 0
31262 0 0 0
16133 0 0 0
238766 0 0 0
77512 0 0 0
79504 0 0 0
33614 0 0 0
15806 0 0 0
20216 0 0 0
16820 0 0 0
55638 0 0 0
30905 0 0 0
29130 0 0 0
11506 0 0 0
365566 0 0 0
14788 0 0 0
52717 0 0 0
14045 0 0 0
27900 0 0 0
1148445 27 0 0
72938 0 0 0
15474 0 0 0
27280 0 0 0
54469 0 0 0
91766 0 0 0
16754 0 0 0
38688 0 0 0
24828 0 0 0
15300 0 0 0
20591 0 0 0
11393 0 0 0
33901 0 0 0
110102 0 0 0
334298 0 0 0
50782 0 0 0
38658 0 0 0
78412 0 0 0
26806 0 0 0
17905 0 0 0
22084 0 0 0
422592 5 0 0
37757 0 0 0
11930 0 0 0
13837 0 0 0
30287 0 0 0
99508 0 0 0
14732 0 0 0
23086 0 0 0
12232 0 0 0
11839 0 0 0
15614 0 0 0
36396 0 0 0
23693 0 0 0
17560 0 0 0
60312 0 0 0
30433 0 0 0
21853 0 0 0
43023 0 0 0
482738 0 0 0
33760 0 0 0
96845 0 0 0
22610 0 0 0
83758 0 0 0
25726 0 0 0
21547 0 0 0
44255 0 0 0
29730 0 0 0
17949 0 0 0
140475 0 0 0
157604 0 0 0
40343 0 0 0
40782 0 0 0
53839 0 0 0
18496 0 0 0
36018 0 0 0
28274 0 0 0
70154 0 0 0
159097 0 0 0
17259 0 0 0
46423 0 0 0
249679 0 0 0
18191 0 0 0
42465 0 0 0
24129 0 0 0
14654 0 0 0
27995 0 0 0
137131 0 0 0
51675 0 0 0
22967 0 0 0
78871 0 0 0
42728 0 0 0
17140 0 0 0
13422 0 0 0
185916 0 0 0
237591 0 0 0
33428 0 0 0
12455 0 0 0
98015 0 0 0
16089 0 0 0
226670 0 0 0
99875 0 0 0
25374 0 0 0
25800 0 0 0
94685 0 0 0
459373 0 0 0
22279 0 0 0
15445 0 0 0
28008 0 0 0
20605 0 0 0
22290 0 0 0
207230 0 0 0
79185 0 0 0
77280 0 0 0
504992 21 0 0
110924 0 0 0
42998 0 0 0
97076 0 0 0
99365 0 0 0
75811 0 0 0
86948 0 0 0
33038 10 0 0
2271386 1185 0 0
275652 8 0 0
44581 8 0 0
22783 0 0 0
82474 0 0 0
66028 0 0 0
42118 0 0 0
23470 0 0 0
13482 0 0 0
922767 61 0 0
17818 0 0 0
129849 3 0 0
12034 0 0 0
829206 125 0 0
540700 0 0 0
46566 0 0 0
295729 0 0 0
62574 0 0 0
227304 0 0 0
47786 0 0 0
256533 0 0 0
15440 0 0 0
122654 0 0 0
21714 0 0 0
12386 0 0 0
22469 0 0 0
94137 0 0 0
40358 0 0 0
32866 0 0 0
23067 0 0 0
29019 0 0 0
14240 0 0 0
65771 0 0 0
27735 0 0 0
57732 0 0 0
180048 0 0 0
17009 0 0 0
20337 0 0 0
32473 0 0 0
18916 0 0 0
56157 0 0 0
30444 0 0 0
25356 0 0 0
59462 0 0 0
26877 0 0 0
23455 0 0 0
105916 0 0 0
12330 0 0 0
17037 0 0 0
24523 0 0 0
42264 0 0 0
34176 0 0 0
57399 0 0 0
74349 0 0 0
27852 0 0 0
13977 0 0 0
11915 0 0 0
16701 0 0 0
23783 0 0 0
38830 0 0 0
14382 0 0 0
83996 0 0 0
21326 0 0 0
20673 0 0 0
15977 0 0 0
46643 0 0 0
16229 0 0 0
268741 0 0 0
13320 0 0 0
16588 0 0 0
52476 0 0 0
66279 0 0 0
34628 0 0 0
58510 0 0 0
16086 0 0 0
562295 11 0 0
89262 0 0 0
30102 0 0 0
44275 0 0 0
45440 0 0 0
105818 0 0 0
104076 0 0 0
51934 0 0 0
36992 0 0 0
18997 0 0 0
23676 0 0 0
21102 0 0 0
84858 0 0 0
26759 0 0 0
169073 0 0 0
20539 0 0 0
120852 0 0 0
16605 0 0 0
19438 0 0 0
28374 0 0 0
81250 0 0 0
137954 0 0 0
41869 0 0 0
15584 0 0 0
938149 0 0 0
46281 0 0 0
39043 0 0 0
37839 0 0 0
190832 0 0 0
91569 0 0 0
42186 5 0 0
45006 0 0 0
70378 0 0 0
14015 0 0 0
197440 0 0 0
17274 0 0 0
163643 0 0 0
14168 0 0 0
93797 0 0 0
65718 0 0 0
18107 0 0 0
40838 0 0 0
117937 0 0 0
19897 0 0 0
30776 0 0 0
30693 0 0 0
23076 0 0 0
106499 0 0 0
16597 0 0 0
136732 0 0 0
407148 0 0 0
51713 0 0 0
24511 0 0 0
171646 0 0 0
74091 0 0 0
37079 0 0 0
11467 0 0 0
47116 0 0 0
14499 0 0 0
13724 0 0 0
39177 0 0 0
12503 0 0 0
100690 0 0 0
19674 0 0 0
80229 0 0 0
29656 0 0 0
30996 0 0 0
42158 0 0 0
23347 0 0 0
20441 0 0 0
